((("environment" .
   [0 0 0 0 0 1 0 1 1 0 0])
  ("ls.str" .
   [2 0 0 0 0 0])
  ("new.env" .
   [0 0 0 0 0 0 1])
  ("ESSR" .
   [1 0 0 0])
  ("as.environment" .
   [0 0 0 0 0 0 0 1 0 0 0 0 0 0])
  ("search" .
   [1 0 0 0 0 0])
  ("./highcharts/" .
   [0 0 1 0 0 0 0 0 0 0 0 0 0])
  ("devtools::install" .
   [0 0 0 0 0 0 0 0 0 0 0 0 1 0 0 0 0])
  ("devtools" .
   [0 0 0 0 0 0 1 0])
  ("GeneralUtilities" .
   [0 0 0 2 0 0 0 0 0 0 0 0 0 0 0 0])
  ("jcizel" .
   [0 0 0 0 1 0])
  ("install_github" .
   [0 0 0 0 0 0 0 0 0 0 0 0 1 0])
  ("install" .
   [1 0 0 0 0 0 0])
  ("dt2" .
   [3 0 0])
  ("winsorize" .
   [0 0 0 0 0 0 0 1 0])
  ("procExpand" .
   [0 0 0 0 0 1 0 0 0 0])
  ("DT" .
   [1 0])
  ("dt.l" .
   [1 0 0 0])
  ("VARS" .
   [1 0 0 0])
  ("procUnivariate" .
   [0 0 0 0 0 0 3 0 0 0 0 0 0 0])
  ("GFUNDQA" .
   [1 0 0 0 0 1 0])
  ("END" .
   [1 0 0])
  ("DATASET" .
   [1 0 0 0 0 0 0])
  ("AN" .
   [1 0])
  ("QUARTERIZED" .
   [1 0 0 0 0 0 0 0 0 0 0])
  ("TO" .
   [1 0])
  ("ASSIGN" .
   [1 0 0 0 0 0])
  ("VARIABLES" .
   [1 0 0 0 0 0 0 0 0])
  ("%MEND" .
   [1 0 0 0 0])
  ("%MACRO" .
   [1 0 0 0 0 0])
  ("HOME.FINANCIALS_SUBSET" .
   [0 0 0 0 0 0 0 0 0 1 0 0 0 0 0 0 0 0 0 0 0 0])
  ("%LET" .
   [3 0 0 0])
  ("_TEST" .
   [2 0 0 0 0])
  ("EMPL" .
   [2 0 0 0])
  ("OUT" .
   [2 0 1])
  ("VARLIST" .
   [1 0 0 0 1 0 0])
  ("&VARSEL" .
   [1 0 0 0 0 0 0])
  ("IN" .
   [1 0])
  ("WHERE" .
   [1 0 0 0 0])
  ("KEEP" .
   [1 0 0 0])
  ("&VARSELECTOR." .
   [0 0 0 0 0 0 0 0 0 1 0 0 0])
  ("%PUT" .
   [4 0 0 0])
  ("&OUT." .
   [1 0 0 0 1])
  ("STRIP" .
   [2 0 0 0 0])
  ("NAME" .
   [4 0 0 0])
  ("MEAN_MV6" .
   [1 0 0 0 0 0 0 0])
  ("MCAP_TIMES_TREND" .
   [1 0 0 0 0 0 0 0 0 0 0 0 0 0 0 0])
  ("TREND_VAR3" .
   [1 0 0 0 0 0 0 0 0 0])
  ("TREND_VAR5" .
   [1 0 0 0 0 0 0 0 0 0])
  ("MEANS" .
   [1 0 0 0 0])
  ("TR_CEQQ" .
   [2 0 0 0 0 0 0])
  ("TR_OIADP" .
   [2 0 0 0 0 0 0 0])
  ("TREND_CSS3" .
   [1 0 0 0 0 0 0 0 0 0])
  ("TREND_CSS5" .
   [2 0 0 0 0 0 0 0 0 0])
  ("TREND_AVE5" .
   [1 0 0 0 0 0 0 0 0 0])
  ("TREND" .
   [7 0 0 0 0])
  ("MOVAVE" .
   [3 0 0 0 0 0])
  ("FIC" .
   [1 0 0])
  ("GVKEY" .
   [1 0 0 0 0])
  ("V78" .
   [2 0 0])
  ("TR_MCAP" .
   [3 0 0 0 0 0 0])
  ("TR_BE15Q" .
   [0 0 0 0 0 0 0 1])
  ("V89" .
   [2 0 0])
  ("V64" .
   [2 0 0])
  ("V37" .
   [1 0 0])
  ("V34" .
   [2 0 0])
  ("LOG" .
   [2 0 0])
  ("TR_MV6" .
   [1 0 1 0 0 0])
  ("V75" .
   [1 0 0])
  ("V58" .
   [3 0 0])
  ("V43" .
   [1 0 0])
  ("V45" .
   [1 0 0])
  ("V23" .
   [1 0 0])
  ("V52" .
   [1 0 0])
  ("D_DV" .
   [2 0 0 0])
  ("NOT" .
   [2 0 0])
  ("DIV" .
   [4 0 0])
  ("model" .
   [1 0 0 0 0])
  ("QUIT" .
   [2 0 0 0])
  ("SQL" .
   [3 0 0])
  ("EQ" .
   [1 0])
  ("NAMES" .
   [1 0 0 0 1])
  ("TEMP.BANKS" .
   [0 0 0 0 0 0 0 0 1 0])
  ("LIKE" .
   [1 0 0 0])
  ("UPCASE" .
   [2 0 0 0 0 0])
  ("BANK" .
   [3 0 0 0])
  ("%INCLUDE" .
   [0 0 0 0 0 2 0 0])
  ("PRINT" .
   [1 0 0 0 0])
  ("REGUL1S" .
   [1 0 0 0 0 0 1])
  ("REGUL" .
   [1 0 0 0 0])
  ("logass" .
   [1 0 0 0 0 0])
  ("placebo_vars" .
   [0 0 0 0 0 1 0 0 0 0 0 0])
  ("test_vars" .
   [1 0 0 0 0 0 0 0 0])
  ("if_base_EU" .
   [1 0 0 0 0 0 0 0 0 0])
  ("indep_sel" .
   [4 0 0 0 0 0 0 0 0])
  ("regulsel" .
   [3 0 0 0 0 0 0 0])
  ("pullIHSdata.simple" .
   [0 0 0 0 0 0 0 0 0 0 0 0 0 1 0 0 0 0])
  ("accus" .
   [1 0 0 0 0])
  ("accglobal" .
   [3 0 0 0 0 0 0 0 0])
  ("acc" .
   [1 0 0])
  ("regtotex" .
   [1 0 0 0 0 0 0 0])
  ("texreg" .
   [1 0 0 0 0 0])
  ("years" .
   [1 0 0 0 0])
  ("boot" .
   [1 0 0 0])
  ("xtlogit" .
   [1 0 0 0 0 0 0])
  ("xtset" .
   [1 0 0 0 0])
  ("DATA2195" .
   [3 0 0 0 0 0 0 0])
  ("C3" .
   [1 0])
  ("C9" .
   [3 0])
  ("C8" .
   [2 0])
  ("C14" .
   [1 0 0])
  ("if_base_ALL" .
   [1 0 0 0 0 0 0 0 0 0 0])
  ("indep" .
   [8 0 0 0 0])
  ("OUTPUT_FILE_NAME" .
   [0 0 0 0 0 0 0 0 0 0 0 1 0 0 0 0])
  ("OUTPUT" .
   [3 0 0 0 0 0])
  ("OPT_TITLE" .
   [1 0 0 0 0 0 0 0 0])
  ("title" .
   [2 0 0 0 0])
  ("open" .
   [2 0 0 0])
  ("regressions" .
   [1 0 0 0 0 0 0 0 0 0 0])
  ("OPT_OUTPUT" .
   [0 0 0 0 0 0 0 1 0 0])
  ("style" .
   [1 0 0 0 0])
  ("type" .
   [1 0 0 0])
  ("2007" .
   [1 0 0 0])
  ("ISO2" .
   [2 0 0 0])
  ("gen" .
   [1 0 0])
  ("cap" .
   [4 0 0])
  ("di" .
   [3 0])
  ("drop" .
   [4 0 0 0])
  ("mlabels" .
   [4 0 0 0 0 0 0])
  ("2006" .
   [1 0 0 0])
  ("2011" .
   [1 0 0 0])
  ("dep_0_1" .
   [0 0 0 0 0 2 0])
  ("regcap" .
   [3 0 0 0 0 0])
  ("estout" .
   [2 0 0 0 0 0])
  ("if_base" .
   [1 0 0 0 0 0 0])
  ("2009" .
   [1 0 0 0])
  ("2005" .
   [2 0 0 0])
  ("replace" .
   [4 0 0 0 0 0 0])
  ("rep" .
   [1 0 0])
  ("forvalues" .
   [0 0 0 0 0 1 0 0 0])
  ("REGCAP" .
   [1 0 0 0 0 0])
  ("C19" .
   [2 0 0])
  ("C21" .
   [1 0 0])
  ("C20" .
   [2 0 0])
  ("C17" .
   [2 0 0])
  ("C16" .
   [4 0 0])
  ("time_to_exit" .
   [1 0 0 0 0 0 0 0 0 0 0 0])
  ("time" .
   [1 0 0 0])
  ("iso2" .
   [6 0 0 0])
  ("dep" .
   [7 0 0])
  ("tab" .
   [9 0 0])
  ("C15" .
   [3 0 0])
  ("totassUSD" .
   [1 0 0 0 0 0 2 0 0])
  ("C18" .
   [4 0 0])
  ("LABEL" .
   [1 0 0 0 0])
  ("labels" .
   [1 0 0 0 0 0])
  ("Basel" .
   [1 0 0 0 0])
  ("WDIR" .
   [1 0 0 0])
  ("own" .
   [0 0 1])
  ("describe" .
   [13 0 0 0 0 0 0 0])
  ("DATA" .
   [13 0 0 2])
  ("write.csv" .
   [1 0 0 0 0 0 0 0 0])
  ("amadeus.formatch" .
   [0 0 0 0 1 0 0 0 0 0 0 0 0 0 0 0])
  ("yearFounded" .
   [0 0 0 0 0 0 1 0 0 0 0])
  ("zipCode" .
   [0 0 0 0 0 1 0])
  ("companyName" .
   [0 0 0 0 0 0 0 0 0 1 0])
  ("city" .
   [1 0 0 0])
  ("companyStatusTypeName" .
   [0 0 0 0 0 0 0 0 0 0 0 0 0 1 0 0 0 0 0 0 0])
  ("SIC3" .
   [1 0 0 0])
  ("SIC2" .
   [1 0 0 0])
  ("data.export" .
   [1 0 0 0 0 0 0 0 0 0 0])
  ("sdcols" .
   [1 0 0 0 0 0])
  ("sd" .
   [4 0])
  ("companyname" .
   [0 0 0 0 0 0 1 0 0 0 0])
  ("name" .
   [1 0 0 0])
  ("120" .
   [1 0 0])
  ("group" .
   [2 0 0 0 0])
  ("varlist" .
   [5 0 0 0 0 0 0])
  ("cluster" .
   [1 0 0 0 0 0 0])
  ("kmeans" .
   [2 0 0 0 0 0])
  ("OUTFRAC" .
   [5 0 0 0 0 0 1])
  ("dups" .
   [0 0 1 0])
  ("lsx" .
   [0 0 3])
  ("use" .
   [1 0 0])
  ("foreach" .
   [2 0 0 0 0 0 0])
  ("cat" .
   [5 0 0])
  ("is.logical" .
   [0 0 0 0 0 0 0 0 1 0])
  ("is.factor" .
   [1 0 0 0 0 0 0 0 0])
  ("is.numeric.Date" .
   [0 0 0 0 0 0 0 0 0 0 1 0 0 0 0])
  ("is.character" .
   [0 0 0 0 0 0 0 0 1 0 0 0])
  ("DATE" .
   [6 0 0 0])
  ("dataitemvalue" .
   [1 0 0 0 0 0 0 0 0 0 0 0 0])
  ("ttm" .
   [2 0 0])
  ("na.rm" .
   [3 0 0 0 0])
  ("sum" .
   [3 0 0])
  ("data.eu" .
   [3 0 0 0 0 0 0])
  ("cut" .
   [2 0 0])
  ("duration" .
   [11 0 0 0 0 0 0 0])
  ("ttm.comp" .
   [1 0 0 0 0 0 1 1])
  ("yearmonth" .
   [2 0 0 0 0 0 0 0 0])
  ("data.eu.q" .
   [4 0 0 0 0 0 0 0 0])
  ("roll" .
   [1 0 0 0])
  ("end" .
   [1 0 0])
  ("begin" .
   [1 0 0 0 0])
  ("xts" .
   [1 0 0])
  ("xtfrm" .
   [0 0 0 1 0])
  ("requireMethods" .
   [0 0 0 0 0 0 1 0 0 0 0 0 0 0])
  ("dopar" .
   [1 0 0 0 0])
  ("gsub" .
   [1 0 0 0])
  ("liBank.downloaded" .
   [1 0 0 0 0 0 0 0 0 0 0 0 0 0 0 0 0])
  ("liBank" .
   [3 0 0 0 0 0])
  ("setdiff" .
   [1 0 0 0 0 0 0])
  ("fpi" .
   [2 0 0])
  ("anndats" .
   [2 0 0 0 0 0 0])
  ("det.epsus" .
   [6 0 0 0 0 0 0 0 0])
  ("as.Date" .
   [1 0 0 0 0 0 0])
  ("cpbk" .
   [1 0 0 0])
  ("ccm" .
   [2 0 0])
  ("sec" .
   [2 0 0])
  ("link" .
   [2 0 0 0])
  ("ccmid" .
   [1 0 0 0 0])
  ("iid" .
   [2 0 0])
  ("gvkey" .
   [7 0 0 1 0])
  ("ibtic" .
   [2 0 0 0 0])
  ("cpid" .
   [9 0 0 0])
  ("ldate" .
   [3 0 0 0 0])
  ("crsp.2" .
   [1 0 0 1 0 1])
  ("ibes.2" .
   [3 0 0 0 0 1])
  ("nameenddt" .
   [1 0 0 0 0 0 0 0 0])
  ("cusip" .
   [5 0 0 0 1])
  ("crsp.1" .
   [1 0 0 0 0 0])
  ("namedt" .
   [4 0 0 0 0 0])
  ("permno" .
   [3 0 0 0 0 0])
  ("ncusip" .
   [3 0 0 0 0 0])
  ("crspid" .
   [4 0 0 0 0 0])
  ("ibes.1" .
   [1 0 0 0 0 0])
  ("max" .
   [3 0 0])
  ("sdates" .
   [2 0 0 0 0 0])
  ("min" .
   [3 0 0])
  ("ticker" .
   [5 0 0 0 0 0])
  ("setnames" .
   [4 0 0 0 0 0 1 0])
  ("ibesid" .
   [2 0 0 0 2 0])
  ("local" .
   [15 0 0 0 0])
  ("de" .
   [1 0])
  ("det" .
   [2 0 0])
  ("stock" .
   [3 0 0 0 0])
  ("read.csv" .
   [1 0 0 0 0 0 0 0])
  ("split" .
   [2 0 0 0 0])
  ("tolower" .
   [1 0 0 1 2 2 0])
  ("samples" .
   [1 0 0 0 0 0 0])
  ("Predictor" .
   [0 0 0 0 0 1 0 0 0])
  ("colon" .
   [0 0 0 0 1])
  ("rbind" .
   [1 0 0 0 0])
  ("firstrow" .
   [3 0 0 0 0 1 0 2])
  ("Map" .
   [1 0 0])
  ("unlist" .
   [1 0 0 0 0 0])
  ("colnames" .
   [5 0 0 0 0 0 0 1])
  ("map.numobs" .
   [1 0 0 0 0 0 0 0 0 0])
  ("map.num" .
   [1 0 0 0 0 0 0])
  ("map.roc" .
   [1 0 0 0 0 0 0])
  ("map" .
   [1 0 0])
  ("cond.pred" .
   [0 0 0 0 0 0 1 0 0])
  ("condp" .
   [2 0 0 0 0])
  ("cond.est" .
   [0 0 0 0 0 0 0 1])
  ("conde" .
   [4 0 0 0 1])
  (".dfToLatex" .
   [0 0 0 1 0 0 0 0 0 0])
  ("file.name" .
   [1 0 0 0 0 0 0 0 0])
  ("robustness.output.latex" .
   [0 0 0 0 0 0 0 0 0 0 0 0 1 0 0 0 0 0 0 0 1 0 0])
  ("robustness" .
   [0 0 0 0 0 1 0 0 0 0])
  ("is.numeric" .
   [2 0 0 0 0 0 0 0 0 0])
  ("Filter" .
   [2 0 0 0 0 0])
  ("robustness.output" .
   [1 0 0 0 0 0 0 0 0 0 0 0 2 3 5 1 0])
  ("robustness.put" .
   [2 0 0 0 0 0 0 0 0 0 0 0 0 0])
  ("robustness.analysis" .
   [0 0 0 0 0 0 0 0 0 0 0 0 0 0 1 0 0 0 0])
  ("directory.path" .
   [0 0 0 0 0 0 0 0 1 0 0 0 0 0])
  ("missing" .
   [1 0 0 0 0 0 0])
  ("is.null" .
   [0 0 0 0 0 0 1])
  ("tail" .
   [4 0 0 0])
  ("data.frame" .
   [7 0 0 0 0 0 0 0 0 0])
  ("dt" .
   [4 2])
  ("~/Documents/Dropbox/Zotero.Articles/" .
   [0 0 0 0 0 0 0 0 0 0 0 0 0 0 0 0 0 0 0 0 0 0 1 0 0 0 0 0 0 0 0 0 0 0 0 0])
  ("~/Zotero/storage/" .
   [0 0 0 0 0 0 0 0 0 1 0 0 0 0 0 0 0])
  ("~/Zotero/" .
   [0 0 0 1 0 0 0 0 0])
  ("~/Documents/Dropbox/" .
   [0 0 0 0 0 0 0 0 0 0 0 0 0 0 0 0 2 0 0 0])
  ("~/Documents/" .
   [0 0 0 0 0 2 0 0 0 0 0 0])
  ("exp" .
   [1 0 0])
  ("1.5" .
   [1 0 0])
  ("normal-erase-is-backspace-mode" .
   [0 0 0 0 0 0 0 0 0 1 0 0 0 0 0 0 0 0 0 0 0 0 0 0 0 0 0 0 0 0])
  ("est.6" .
   [1 0 0 0 0])
  ("undebug" .
   [1 0 0 0 0 0 1])
  ("gof.names" .
   [1 0 0 0 0 0 0 0 0])
  ("gof" .
   [1 0 0])
  ("coefficient.names" .
   [0 0 0 0 0 0 1 0 0 0 0 0 0 0 0 0 0])
  ("TRUE" .
   [11 0 0 0])
  ("extract.glm" .
   [1 0 0 0 0 0 0 0 0 0 0])
  ("est.5" .
   [2 0 0 0 0])
  ("NULL" .
   [2 0 0 0])
  ("class" .
   [7 0 0 0 0])
  ("input_list" .
   [1 0 0 0 0 0 0 0 0 0])
  ("lapply" .
   [8 0 0 0 0 0])
  ("cbind.data.frame" .
   [0 0 0 0 0 0 1 0 0 0 0 0 0 0 0 0])
  ("est.4" .
   [1 0 0 0 0])
  ("est.3" .
   [1 0 0 0 0])
  ("est.2" .
   [1 0 0 0 0])
  ("traceback" .
   [1 0 0 0 0 0 0 0 0])
  ("models" .
   [1 0 0 0 0 0])
  ("term.structure" .
   [1 0 0 0 0 0 0 2 3 0 0 0 0 0])
  ("est.1" .
   [4 0 0 0 0])
  ("estimate.ModelList" .
   [0 0 0 0 0 0 0 0 0 0 0 3 0 0 0 0 0 0])
  ("x.median" .
   [1 0 0 0 0 0 0 0])
  ("0.5" .
   [1 0 0])
  ("0.05" .
   [1 0 0 0])
  ("probs" .
   [1 0 0 0 0])
  ("quantile" .
   [1 0 0 0 0 0 0 0])
  ("is" .
   [3 0])
  ("head" .
   [3 0 0 0])
  ("fChangeVarNames" .
   [0 0 0 0 0 0 0 1 0 0 0 0 0 0 0])
  ("lookup" .
   [5 0 0 0 0 0])
  ("all" .
   [5 0 0])
  ("selection" .
   [1 0 0 0 0 0 0 0 0])
  ("setting" .
   [1 0 0 0 0 0 0])
  ("additional" .
   [1 0 0 0 0 0 0 0 0 0])
  ("fImportEvents" .
   [0 0 0 0 0 1 0 0 0 0 0 0 0])
  ("selection.vars" .
   [4 0 0 0 0 0 0 0 0 0 0 0 0 0])
  ("setq" .
   [3 0 0 0])
  ("rm" .
   [2 0])
  ("out.mr" .
   [1 0 0 0 0 0])
  ("cds.mr" .
   [1 0 0 0 0 0])
  ("bs.bs_financials" .
   [0 0 1 0 0 1 0 0 0 0 0 0 0 0 0 0])
  ("univariate" .
   [1 0 0 0 0 0 0 0 0 0])
  ("run" .
   [2 0 0])
  ("print" .
   [1 0 0 0 0])
  ("temp" .
   [4 0 0 0])
  ("proc" .
   [4 0 0 0])
  ("in.ciq" .
   [2 0 0 0 0 0])
  ("libname" .
   [2 0 0 0 0 0 0])
  ("fdicBkList" .
   [0 0 0 0 0 0 0 1 0 0])
  ("ks.test" .
   [0 0 1 0 0 0 0])
  ("loadData" .
   [0 0 0 0 0 0 0 1])
  ("qplot" .
   [1 0 0 0 0])
  ("m" .
   [1])
  ("merge" .
   [5 0 0 0 0])
  ("importIntoEnv" .
   [0 0 0 0 0 0 0 1 0 0 0 0 0])
  ("importMacroData" .
   [0 0 0 0 0 0 0 0 1 0 0 0 0 0 0])
  ("return" .
   [4 0 0 0 0 0])
  ("list" .
   [42 0 0 0])
  ("ISO.EU$INDEXGEO" .
   [0 0 0 0 0 0 0 0 0 0 1 0 0 0 0])
  ("macro.mth$ECONISO" .
   [0 0 0 0 0 0 0 0 0 0 0 0 0 0 0 0 1])
  ("macro.mth$M1" .
   [0 0 0 0 0 0 0 0 0 0 1 0])
  ("ISO.EU$NumCode" .
   [0 0 0 0 0 0 0 1 0 0 0 0 0 0])
  ("macro.mth" .
   [2 0 0 0 0 0 0 0 0])
  ("Get" .
   [1 0 0])
  ("ISO.EU" .
   [0 0 0 3 1 1])
  ("europe" .
   [1 0 0 0 0 0])
  ("ix.gdp" .
   [1 0 0 0 0 0])
  ("i" .
   [2])
  ("ECONIND" .
   [1 0 0 0 0 0 0])
  ("EIDESC" .
   [0 0 0 1 0 0])
  ("dscr" .
   [1 0 0 0])
  ("grep" .
   [5 0 0 0])
  ("unique" .
   [17 0 0 0 2 1])
  ("d" .
   [2])
  ("macro" .
   [11 0 0 0 0])
  ("ISO_countries" .
   [0 0 0 0 0 0 0 0 1 0 0 0 0])
  ("capture.output" .
   [0 0 0 0 0 0 0 1 0 0 0 0 0 0])
  ("PATH" .
   [2 0 0 0])
  ("export" .
   [2 0 0 0 0 0])
  ("x1" .
   [1 0])
  ("vars" .
   [3 0 0 0])
  ("browser" .
   [1 0 0 0 1 0 0])
  ("memory" .
   [1 0 0 0 0 0])
  ("set" .
   [4 0 0])
  ("clear" .
   [3 0 0 0 0])
  ("c" .
   [2])
  ("using" .
   [2 0 1 0 0])
  ("ecdf" .
   [1 0 0 0])
  ("help" .
   [11 0 0 0])
  ("ls" .
   [22 0])
  ("plot" .
   [5 0 0 0])
  ("tables" .
   [5 0 0 0 0 0])
  ("options" .
   [1 0 0 0 0 1 0])
  ("data" .
   [27 0 1 0])
  ("hist" .
   [4 0 0 0])
  ("library" .
   [0 0 0 0 1 0 1])
  ("require" .
   [39 0 0 2 3 1 0])
  ("est" .
   [5 0 0])
  ("summary" .
   [17 0 4 0 0 0 0])
  ("pred.3" .
   [1 0 0 0 0 0])
  ("str" .
   [29 0 1])
  ("debug" .
   [7 0 0 0 0])
  ("subset" .
   [1 0 0 0 0 0])
  ("table" .
   [21 0 0 0 0])
  ("objects" .
   [0 0 0 0 0 0 1])
  ("news" .
   [0 0 0 1])
  ("names" .
   [54 0 0 0 0])
  ("newdata$co" .
   [1 0 0 0 0 0 0 0 0 0])
  ("newdata$country" .
   [2 0 0 0 0 0 0 0 0 0 0 0 0 0 0])
  ("pred.1" .
   [1 0 0 0 0 0])
  ("predict.lm" .
   [1 0 0 0 0 0 0 0 0 0])
  ("summaryRprof" .
   [0 0 0 0 0 0 1 0 0 0 0 0])
  ("emacs" .
   [2 0 0 0 0])
  ("strsplit" .
   [1 0 0 0 0 0 0 0])
  (".Internal" .
   [0 0 0 0 0 1 0 0 0])
  ("function" .
   [10 0 0 0 0 0 0 0])
  ("slot" .
   [0 0 1 0])
  (".Call" .
   [0 0 2 0 0])
  ("getwd" .
   [6 0 0 0 0])
  ("unemployment" .
   [0 0 0 0 1 0 0 0 0 0 0 0])
  ("to" .
   [1 0])
  ("for" .
   [4 0 0])
  ("countries." .
   [1 0 0 0 0 0 0 0 0 0])
  ("re" .
   [1 0])
  ("the" .
   [1 0 0])
  ("files" .
   [1 0 0 0 0])
  ("data.table" .
   [3 0 0 0 0 0 0 0 0 0])
  ("fread" .
   [5 0 0 0 0])
  ("imf" .
   [2 0 0])
  ("load" .
   [5 0 0 0])
  ("result" .
   [20 0 0 0 0 1])
  ("cds" .
   [5 0 0])
  ("add" .
   [2 0 0])
  ("data$cds" .
   [1 0 0 0 0 0 0 0])
  ("is.na" .
   [14 0 0 0 0])
  ("BSID" .
   [5 0 0 0])
  ("bk.pred" .
   [3 0 1 0 0 0 0])
  ("bk.pred$cds" .
   [0 0 0 0 0 0 0 1 0 0 0])
  ("toDT" .
   [2 0 0 0])
  ("bk.pred.dt" .
   [2 0 0 0 0 0 1 0 2 1])
  ("setkey" .
   [5 0 0 1 4 1])
  ("as.numeric" .
   [1 0 0 0 0 0 0 0 0 0])
  ("order" .
   [10 0 0 0 0])
  ("do.call" .
   [1 0 0 0 0 0 0])
  ("..." .
   [5 0 0])
  ("cbind" .
   [2 0 0 0 0])
  ("year" .
   [17 0 0 0])
  ("2" .
   [1])
  ("2008" .
   [2 0 0 0])
  ("by" .
   [19 0])
  ("country" .
   [5 0 0 0 0 0 0])
  ("mean" .
   [5 0 0 0])
  ("bk.pred.before" .
   [1 0 0 0 0 0 0 0 0 0 0 0 0 0])
  ("comparison.before" .
   [0 0 0 0 0 0 0 0 0 0 3 1 0 0 0 0 0])
  ("list.after" .
   [1 0 0 0 0 0 0 0 0 0])
  ("comparison.after" .
   [1 0 0 0 0 0 0 0 0 0 0 0 0 0 0 0])
  ("pw561" .
   [0 0 0 1 0])
  ("source" .
   [1 0 0 0 0 0])
  ("TotAss" .
   [2 0 0 0 0 0])
  ("setwd" .
   [2 0 0 0 0])
  ("acf" .
   [0 0 1])
  ("accounting" .
   [4 0 0 0 0 0 0 0 0 0])
  ("fImportAccounting" .
   [0 0 0 0 0 0 0 0 1 1 0 0 0 0 0 0 0])
  ("static" .
   [5 0 0 0 0 0])
  ("df" .
   [16 0])
  ("1e" .
   [1 0])
  ("09" .
   [1 0])
  ("10" .
   [3 0])
  ("fBoxPlot" .
   [1 0 0 0 0 0 0 0])
  ("models$Model1" .
   [0 0 0 0 0 0 0 1 0 0 0 0 0])
  ("fMacroData" .
   [0 0 1 0 0 0 0 0 0 0])
  ("fMoodysCrossValidation" .
   [0 0 0 1 0 2 0 0 0 0 0 0 0 0 0 0 0 0 0 0 0 0])
  ("validation" .
   [1 0 0 0 0 0 0 0 0 0])
  ("100" .
   [6 0 0])
  ("fResampleCValidation" .
   [0 0 0 0 1 0 0 0 0 0 0 0 0 0 0 0 0 0 0 0])
  ("2000" .
   [2 0 0 0])
  ("setcolorder" .
   [0 0 0 0 0 0 0 1 0 0 0])
  ("sin" .
   [0 0 1])
  ("projectile" .
   [1 0 0 0 0 0 0 0 0 0])
  ("a" .
   [1])
  ("add-to-list" .
   [1 0 0 0 0 1 2 0 0 0 0])
  ("load-path" .
   [2 0 0 0 0 0 0 0 0])
  ("helm" .
   [1 0 0 0])
  ("helm-config" .
   [0 0 0 0 0 0 0 0 1 0 0])
  ("var" .
   [8 0 0])
  ("paste" .
   [1 0 0 0 0])
  ("paste0" .
   [3 0 0 0 0 0])
  ("ii" .
   [3 0])
  ("list.nonfin.sc." .
   [0 0 0 0 0 0 0 0 0 0 0 0 0 0 1])
  ("list.nonfin.sc.world" .
   [0 0 0 0 0 0 0 0 1 0 0 0 0 0 0 0 0 0 0 0])
  ("list.nonfin.sc.us" .
   [1 0 0 0 0 0 0 0 0 0 0 0 0 0 0 0 0])
  ("nonfin.all" .
   [1 0 0 0 0 0 0 0 0 0])
  ("Reduce" .
   [4 0 0 0 0 1])
  ("nonfin.all.m" .
   [1 0 0 0 0 0 0 0 0 0 0 0])
  ("comparison_2004.2007" .
   [2 0 0 0 0 0 0 0 0 0 0 0 0 0 0 0 0 0 0 0])
  ("Variables" .
   [1 0 0 0 0 0 0 0 0])
  ("include" .
   [1 0 0 0 0 0 0])
  ("if" .
   [9 0])
  ("Num." .
   [1 0 0 0])
  ("of" .
   [1 0])
  ("Entities" .
   [1 0 0 0 0 0 0 0])
  ("with" .
   [9 0 0 0])
  ("NONFIN" .
   [1 0 0 0 0 0])
  ("NFHS" .
   [4 0 0 0])
  ("NFHS-sales>50M" .
   [0 0 0 0 0 0 0 0 0 0 3 1 0 0])
  ("sales" .
   [2 0 0 0 0])
  ("NFHS-sales<250M" .
   [1 0 0 0 0 0 0 0 0 0 0 0 0 0 0])
  ("250M" .
   [1 0 0 0])
  ("NFHS-sales>250M" .
   [2 0 0 0 0 0 0 0 0 0 0 0 0 0 0])
  ("INTO" .
   [1 0 0 0])
  ("TABLE" .
   [3 0 0 0 0])
  ("nlkp" .
   [3 0 1 0])
  ("nonfin.sc.p50.all$" .
   [1 0 0 0 0 0 0 0 0 0 0 0 0 0 0 0 0 0])
  ("out" .
   [86 0 0])
  ("FALSE" .
   [8 0 0 0 0])
  ("tbl.1" .
   [1 0 0 0 0])
  ("comparison_2008.2010" .
   [0 0 0 0 0 0 0 0 0 0 0 0 0 0 0 0 1 0 0 0])
  ("CORRELATIONS" .
   [2 0 0 0 0 0 0 0 0 0 0 0])
  ("RANK" .
   [1 0 0 0])
  ("BETWEEN" .
   [1 0 0 0 0 0 0])
  ("HEALTH" .
   [1 0 0 0 0 0])
  ("MEASURES" .
   [1 0 0 0 0 0 0 0])
  ("BEFORE" .
   [1 0 0 0 0 0])
  ("out_2004.2007" .
   [0 0 0 1 0 0 0 0 0 0 0 0 0])
  ("1:3" .
   [8 0 0])
  ("attributes" .
   [1 0 0 0 0 0 0 0 0 0])
  ("align" .
   [1 0 0 0 0])
  ("out_2008.2010" .
   [3 0 0 0 0 0 0 0 1 0 0 0 0])
  ("which" .
   [2 0 0 0 0])
  ("rows" .
   [3 0 0 0])
  ("grepl" .
   [1 0 0 0 0])
  ("rank" .
   [4 0 0 0])
  ("FINANCIAL" .
   [1 0 0 0 0 0 0 0 0])
  ("AND" .
   [4 0 0])
  ("NONFINANCIAL" .
   [1 0 0 0 0 0 0 0 0 0 0 0])
  ("SCORES" .
   [1 0 0 0 0 0])
  ("WORLD" .
   [1 0 0 0 0])
  ("NOTES:" .
   [0 0 0 0 0 1])
  ("take" .
   [1 0 0 0])
  ("following" .
   [1 0 0 0 0 0 0 0 0])
  ("two" .
   [2 0 0])
  ("and" .
   [2 0 0])
  ("series" .
   [1 0 0 0 0 0])
  ("check" .
   [2 0 0 0 0])
  ("col" .
   [3 0 2])
  ("correlation" .
   [1 0 0 0 0 0 0 0 0 0 0])
  ("their" .
   [1 0 0 0 0])
  ("combined" .
   [1 0 0 0 0 0 0 0])
  ("performs" .
   [1 0 0 0 0 0 0 0])
  ("SOV" .
   [1 0 0])
  ("comp" .
   [4 0 0 0])
  ("CRISIS" .
   [1 0 0 0 0 0])
  ("2008:2010" .
   [0 0 0 0 1 0 0 0 0])
  ("rownames" .
   [2 0 0 0 0 0 0 0])
  ("dimnames" .
   [1 0 0 0 0 0 0 0])
  ("1:" .
   [1 0])
  ("4:6" .
   [1 0 0])
  ("1:2" .
   [2 0 0])
  ("caption" .
   [4 0 0 0 0 0 0])
  ("dired+" .
   [1 0 0 0 0 0])
  ("let" .
   [1 0 0])
  ("do" .
   [3 0])
  ("rnorm" .
   [1 0 0 0 0])
  ("res" .
   [5 0 0])
  ("CDS" .
   [1 0 0])
  ("cds_gen.merged.EU" .
   [0 0 0 0 0 0 0 0 1 0 0 0 0 0 0 0 0])
  ("install.packages" .
   [2 0 0 0 0 0 0 2 6 0 0 0 0 0 0 0])
  ("checkboxInput" .
   [0 0 0 0 0 1 0 1 2 0 0 0 0])
  ("label" .
   [6 0 0 0 0])
  ("value" .
   [4 0 0 0 0])
  ("inputID" .
   [3 0 0 0 0 0 0])
  ("input" .
   [0 0 0 0 1])
  ("Matchstick" .
   [0 0 0 0 0 1 0 0 0 0])
  ("wellPanel" .
   [0 0 0 0 1 0 0 0 0])
  ("inputId" .
   [6 0 0 0 0 0 0])
  ("require_symbol" .
   [1 0 0 0 0 0 0 0 0 0 1 0 0 0])
  ("IBM" .
   [1 0 0])
  ("symbol_env" .
   [2 0 0 0 0 0 0 0 0 0])
  ("symbols" .
   [0 0 0 0 0 0 1])
  ("symbol_data" .
   [2 0 0 0 0 0 0 0 0 0 0])
  ("symbol" .
   [2 0 0 0 0 0])
  ("my.tempfile" .
   [0 0 0 0 0 0 1 0 0 0 0])
  ("french_industry" .
   [0 0 0 0 0 0 0 0 0 0 1 0 0 0 0])
  ("french_industry_price" .
   [1 0 0 0 0 0 0 0 0 0 0 0 0 0 0 0 0 0 0 0 0])
  ("try" .
   [1 0 0])
  ("retail.df" .
   [1 0 0 0 0 0 0 0 0])
  ("PerformanceAnalytics" .
   [0 0 0 0 0 1 0 0 0 0 0 0 0 0 0 0 0 0 0 0])
  ("toJSONArray" .
   [0 0 0 0 0 0 1 2 0 0 1])
  ("toJSON" .
   [1 0 0 1 0 0])
  ("u1" .
   [4 0])
  ("Dimple" .
   [1 0 0 0 0 0])
  ("u1$set" .
   [0 0 0 1 0 0])
  ("dPlot" .
   [1 0 0 0 0])
  ("dtd" .
   [2 0 0])
  ("getLayer" .
   [0 0 0 0 0 0 1 0])
  ("getLayer.formula" .
   [0 0 0 0 0 0 0 0 0 0 0 1 0 0 0 0])
  ("u1$getPayload" .
   [0 0 0 0 0 0 1 0 0 0 0 0 0])
  ("col1" .
   [2 0 0 0])
  ("col2" .
   [1 0 0 0])
  ("col3" .
   [1 0 0 0])
  ("geo" .
   [1 0 0])
  ("geo_desc" .
   [2 0 0 0 0 0 0 0])
  ("icount" .
   [1 0 0 0 0 0])
  ("CODES" .
   [1 0 0 0 0])
  ("format" .
   [2 0 0 0 0 0])
  ("date" .
   [14 0 0 0])
  ("analys" .
   [1 0 0 0 0 0])
  ("cname" .
   [1 0 0 0 0])
  ("datetime" .
   [1 0 0 0 0 0 0 0])
  ("bsid.usa" .
   [0 0 0 0 1 0 0 0])
  ("camels" .
   [3 0 0 0 0 0])
  (".data" .
   [1 0 0 0 0])
  ("bmadata" .
   [4 0 0 0 0 0 0])
  ("bma.result" .
   [3 0 0 0 0 0 0 0 0 1])
  ("save.image" .
   [0 0 0 0 0 1 0 0 0 0])
  ("coef" .
   [1 0 0 0])
  (".lookupNames" .
   [0 0 0 0 0 1 0 0 0 0 0 0])
  ("est.set.1" .
   [7 0 0 0 0 0 0 1 0])
  ("obj" .
   [1 0 0])
  ("outer" .
   [0 0 0 2 0])
  ("su" .
   [17 0])
  ("bmaglm.output" .
   [0 0 0 0 0 0 2 1 0 0 1 0 0])
  ("length" .
   [1 0 0 0 0 0])
  ("20" .
   [2 0])
  ("BMA" .
   [1 0 0])
  ("bmaglm.output.latex" .
   [0 0 0 0 0 0 0 0 0 0 0 0 0 0 1 0 0 0 0])
  ("NROW" .
   [1 0 0 0])
  ("nrows" .
   [1 0 0 0 0])
  ("31" .
   [5 0])
  ("dt$data" .
   [2 0 0 0 0 0 0])
  ("dt$lookup" .
   [0 0 0 0 0 0 0 1 0])
  ("500" .
   [2 0 0])
  ("1000" .
   [2 0 0 0])
  ("ciqcountry" .
   [2 0 0 0 0 0 0 1 0 0])
  ("setkeyv" .
   [0 0 0 0 0 0 1])
  ("ciq" .
   [6 0 0])
  ("countryID" .
   [1 0 0 0 0 0 0 0 0])
  ("countryId" .
   [1 0 0 0 0 0 0 0 0])
  ("ciqindustrytosic" .
   [0 0 0 0 0 0 0 0 0 0 0 1 0 0 0 0])
  ("subTypeId" .
   [0 0 0 0 0 4 0 0 0])
  ("ciqindustrytree" .
   [0 0 0 0 0 1 0 0 0 0 0 0 0 0 0])
  ("SICCode" .
   [5 0 0 0 0 0 1])
  ("toString" .
   [2 0 0 0 0 0 0 0])
  ("nchar" .
   [1 0 0 0 0])
  ("as.character" .
   [1 0 0 0 0 0 0 1 0 1 0 0])
  ("substr" .
   [2 0 0 0 0 0])
  ("ind" .
   [1 0 0])
  ("SIC1D" .
   [4 0 0 1 0])
  ("companyId" .
   [13 0 0 0 0 0 0 0 0])
  ("siclookup" .
   [0 0 0 0 0 0 2 2 0])
  ("allow.cartesian" .
   [0 0 0 0 0 0 0 0 1 1 0 0 0 0 0])
  ("amadeus" .
   [2 0 0 0 0 0 0])
  ("out.2" .
   [1 0 0 0 0])
  ("amadeus.out" .
   [0 0 0 0 0 0 0 0 0 1 0])
  ("ciq.out" .
   [0 0 0 0 0 0 1])
  ("COUNTRY" .
   [3 0 0 0 0 0 0])
  ("amadeus.out$COUNTRY" .
   [1 0 0 0 0 0 0 0 0 0 0 0 0 0 0 0 0 0 0])
  ("bra" .
   [1 0 0])
  ("descSeries" .
   [1 0 0 0 0 0 0 0 0 0])
  ("image" .
   [0 0 0 1 0])
  ("selDataSets" .
   [0 0 0 0 0 1 0 0 0 0 0])
  ("codes" .
   [5 0 0 0 0])
  ("12" .
   [2 0])
  ("13" .
   [1 0])
  ("static$longlabel" .
   [0 0 0 0 0 0 0 0 0 0 0 1 0 0 0 0])
  ("global" .
   [20 0 0 0 0 0])
  ("PATH_TABLES" .
   [1 0 0 0 0 0 0 0 0 0 0])
  ("componentid" .
   [4 0 0 0 0 0 0 0 0 0 0])
  ("numdup" .
   [1 0 0 0 0 0])
  ("load-theme" .
   [1 0 0 0 0 0 0 0 0 0])
  ("system.time" .
   [1 0 0 0 0 0 0 0 0 0 0])
  ("MAXDATE" .
   [1 0 0 0 0 0 0])
  ("MINDATE" .
   [1 0 0 0 0 0 0])
  ("ONEDATE" .
   [1 0 0 0 0 0 0])
  ("descriptiontext" .
   [0 0 0 0 1 0 0 0 0 0 0 0 0 0 0])
  ("MAXYEAR" .
   [3 0 0 0 0 0 0])
  ("data.rect" .
   [4 0 0 0 0 0 0 0 0])
  ("EXTRAPOLYEAR" .
   [1 0 0 0 0 1 0 0 0 0 0 0])
  ("Check" .
   [1 0 0 0 0])
  ("14" .
   [1 0])
  ("vars$maturity" .
   [1 0 0 0 0 1 0 0 0 1 0 0 0])
  ("YEAR" .
   [1 0 0 0])
  ("MINDUR" .
   [2 0 0 0 0 0])
  ("vars$descriptive" .
   [0 0 0 0 0 0 0 0 0 3 0 0 0 0 0 0])
  ("else" .
   [1 0 0 0])
  ("vars$pricing" .
   [2 0 0 0 0 0 0 0 0 0 0 0])
  ("vars$amount" .
   [1 0 0 0 0 0 0 0 0 0 0])
  (".SD" .
   [1 0 0])
  ("zoo" .
   [1 0 0])
  ("industry" .
   [6 0 0 0 0 0 0 0])
  ("width" .
   [1 0 0 0 0])
  ("str_length" .
   [0 0 0 0 0 0 0 0 0 1])
  ("SIC1" .
   [4 0 0 0])
  ("program" .
   [1 0 0 0 0 0 0])
  ("SETENV" .
   [1 0 0 0 0 0])
  ("C23" .
   [1 0 0])
  ("in" .
   [1 0])
  ("destring" .
   [1 0 0 0 0 0 0 0])
  ("sas" .
   [6 0 0])
  ("stdio" .
   [5 0 0 0 0])
  ("PROC" .
   [12 0 0 0])
  ("ES" .
   [1 0])
  ("TABLES" .
   [2 0 0 0 0 0])
  ("RUN" .
   [10 0 0])
  ("DEBT" .
   [3 0 0 0])
  ("AMADEUS" .
   [3 0 0 0 0 0 0])
  ("AMD" .
   [1 0 0])
  ("$ssh" .
   [1 0 0 0])
  ("wrds" .
   [1 0 0 0])
  ("cloud" .
   [1 0 0 0 0])
  ("qrsh" .
   [1 0 0 0])
  ("HOME.MERGED" .
   [2 0 0 0 0 0 0 0 0 0 0])
  ("HOME.MERGED_FIRM" .
   [2 0 0 0 0 0 0 0 0 0 0 0 0 0 0 0])
  ("_METHOD" .
   [1 0 0 0 0 0 0])
  ("SELECT" .
   [1 0 0 0 0 0])
  ("FROM" .
   [1 0 0 0])
  ("CONTENTS" .
   [2 0 0 0 0 0 1 0])
  ("VARNUM" .
   [2 0 0 0 0 0])
  ("GROUP" .
   [1 0 0 0 0])
  ("BY" .
   [1 0])
  ("IDNR" .
   [1 0 0 0])
  ("BNK_NAME" .
   [1 0 0 0 0 0 0 0])
  ("OPTIONS" .
   [2 0 0 0 0 0 0])
  ("THREADS" .
   [1 0 0 0 0 0 0])
  ("CREATE" .
   [3 0 0 0 0 0])
  ("_TEMP" .
   [3 0 0 0 0])
  ("AS" .
   [1 0])
  ("HOME" .
   [1 0 0 0])
  ("FREQ" .
   [1 0 0 0])
  ("BS" .
   [1 0])
  ("BS.BS_FINANCIALS" .
   [0 0 0 0 0 0 0 0 0 1 1 0 0 0 0 0])
  ("VAR" .
   [1 0 0])
  ("load_all" .
   [1 0 0 0 0 0 0 0])
  ("dt1" .
   [1 0 0])
  ("presentations" .
   [0 0 0 0 1 0 0 0 0 0 0 0 0])
  ("EDITOR" .
   [1 0 0 0 0 0])
  ("googleVis" .
   [0 0 0 0 0 0 1 0 0])
  ("mtcars" .
   [1 0 0 0 0 0])
  ("shiny" .
   [1 0 0 0 0])
  ("runApp" .
   [1 0 0 0 0 0])
  ("import" .
   [1 0 0 0 0 0])))
